----------------------
|9 0 0 |0 0 0 |0 0 0 |
|0 0 0 |4 0 0 |0 0 0 |
|0 0 0 |0 0 0 |8 0 0 |
----------------------
|0 4 0 |0 0 0 |0 0 0 |
|0 0 0 |0 1 0 |0 0 0 |
|0 0 0 |0 0 0 |0 7 0 |
----------------------
|0 0 7 |0 0 0 |0 0 0 |
|0 0 0 |0 0 7 |0 0 0 |
|0 0 0 |0 0 0 |0 0 3 |
----------------------
----------------------
|9 8 4 |6 2 1 |3 5 7 |
|2 7 5 |4 3 8 |9 1 6 |
|3 6 1 |9 7 5 |8 2 4 |
----------------------
|5 4 9 |7 6 2 |1 3 8 |
|7 2 8 |5 1 3 |6 4 9 |
|6 1 3 |8 4 9 |5 7 2 |
----------------------
|4 5 7 |3 9 6 |2 8 1 |
|1 3 6 |2 8 7 |4 9 5 |
|8 9 2 |1 5 4 |7 6 3 |
----------------------
